l
a
s ς’
, lu.
3

11. 1111111333 331 vocatus ’.1133 3113333131 133 sub peccatis·
Vel dimittens 131 mutatus, L1beret lei 3311311· t,1s 0'
Ad priores vocans 3131113 El perfect 313 1113331311 313

‘Res distractas libere.. Dignos 1311331.311111333

Non possumus quin adiiciamus Trenchii 33113333 tationes. ,
23-5. These 33113133 333 13 333 3133 3331313 3183. 1133333133,
’ 3331 1133113 33 133 13333 31113333 333 313 ’311333 3313333333 33133 331· 3·
, 31333, 3313 33 3113 31313 33 33111311 113 1331333, especially 131113 Auli
3333331333 313333; 3111133313 133 333313333333311333333, 33 3113 31333,
1333 13333, 3133 33113133 333333 31 11330 01,3 331 3133 3313333133
spirit 313113 Nem, 03333333. Α13133133333333, 13133131 1113
33333133 113 8331313 333 3313 3,3333 3 13-17. 133331 13313 31133333
33313333 3333 333 313333 11333 33111311 33331 33 13331 3133 1333
313133 13131311 3113 31333 3131133, 133 3113 3333 3333 31133 333333 3113 313133
31ῑ3 33113 333 13 133333, 3313133 313133 31 3133 8331313 33 33333-

3. 31333 31133 33333, 31133313 3333 3 Geel 133 31133133 333 333331

1113 33133, 331 3113333133 133 333133 31313 333 3133-3113 13331333
’13313 31131, (33331311. 18.) 131113311333 13 3333 3 031 3331133 ”
1333 3133 very 131133 31 313313, 333-1333 31333 3333333·311331333 13· 1 ·
3331. Τ11333133333133, 0.17: 13 333 3113311111 3333333331313333 ·

33333,33333113333 113333, 3331 1111 3333333133 33331333 31 133313 3111
lex 1333333, 33333313 3333333 prohibetur: 1113 331331 111 333 33-
333333113831131333 8333333, 331 3331 promissum 3333333333 33 13
33313 13333133 3333333331. This, 3113 33333 3131333333 313 3133 3331-
313 311313 333333 33,3331333 311333 1311331333 333 3333 333, 3333333313
33 31133, (,333 1713 3133 3333333333 31 3113 3313333, 33 3113 31133
31 3113 3313-*3 031333313133 33 313331, 33 3 Geel 313133 33
333-333313133 131333 3 3133, 333 33333 331133 113 himself 1133 11333
31333. 3133 1333133333331333111133333 3131133 331333331333333133,
113 3333 3113,3333 (333. 19-241 3333 333 3133 3333331333
111133 31 11133 33333133 3,33311 „Thelme 3333133313 1333311. ‘A 3333

311333,131333333333131331331333331313, 3113 11313133, 3333 ·

3333 333 331 333333 33333 3333 3333 33 3311133 3333131331131311- -
Υ113311133131133313133111313331333 25-281 31133 3333 3333113
33333313 3113 11333 1111333, 3311333 11333 313133 333 33 31313 133
·33313333133333; 1131133. 19, 11130, 18.; 0333333 333 313 333- f
313133 31131333 33333 33 3333333133 (λαμπάδας LXX.) Τ113 33311
3333313133, 3133113133, 33133333,311311131333133 33333313133133,
313311331311311333133333333331113113311333133133133113,,31311331333,ι

ly 33111311 3113 3333133 31333133 1333 rendered 3113 33131333
33318 Τ113 3333 1133 3 33313 1331333 133 3 33113 33311333]
31331133333 3133113 3333 31 131113 33, 3113 33333 3Ρ31133333333
. year, 333 3333 3133331333133 331333333333331, 13 3313333333
3133 33313 33 1113 333, 333 331133 lvere 11331133, 333333 33311133

 

